[gd_scene format=3 uid="uid://cjo82n66lneur"]

[ext_resource type="PackedScene" uid="uid://bcq58df6q45uc" path="res://scenes/shrine_of_time/shrine_of_time.tscn" id="1_8gj48"]
[ext_resource type="Script" uid="uid://4qligx7w2cch" path="res://scenes/dungeons/dungeon.gd" id="1_im2cp"]
[ext_resource type="PackedScene" uid="uid://drgjxqead28hd" path="res://scenes/dungeons/dungeon_gen/dungeon_generator.tscn" id="2_18m4l"]
[ext_resource type="PackedScene" uid="uid://b8nxwxq3yj1o1" path="res://scenes/dungeons/dungeon_gen/enemy_spawner/enemy_spawner.tscn" id="4_or50v"]
[ext_resource type="PackedScene" uid="uid://rs2cda7s84ox" path="res://scenes/enemy/enemy.tscn" id="5_6fasc"]

[sub_resource type="NavigationMesh" id="NavigationMesh_y2fgm"]
geometry_parsed_geometry_type = 1

[sub_resource type="StandardMaterial3D" id="StandardMaterial3D_y2fgm"]
albedo_color = Color(0.1148968, 0.11489681, 0.1148968, 1)

[sub_resource type="CylinderShape3D" id="CylinderShape3D_n3upp"]
height = 0.25
radius = 5.0

[node name="FirstDungeon" type="Node3D" unique_id=1666560759 node_paths=PackedStringArray("sub_dungeons", "navigaion_region", "enemy_container")]
script = ExtResource("1_im2cp")
sub_dungeons = [NodePath("NavigationRegion3D/DungeonGenerator"), NodePath("NavigationRegion3D/DungeonGenerator2"), NodePath("NavigationRegion3D/DungeonGenerator3"), NodePath("NavigationRegion3D/DungeonGenerator4")]
navigaion_region = NodePath("NavigationRegion3D")
enemy_container = NodePath("EnemyContainer")

[node name="NavigationRegion3D" type="NavigationRegion3D" parent="." unique_id=1092795569]
navigation_mesh = SubResource("NavigationMesh_y2fgm")

[node name="ShrineOfTime" parent="NavigationRegion3D" unique_id=1676516886 instance=ExtResource("1_8gj48")]
transform = Transform3D(-0.121869296, 0, 0.99254614, 0, 1, 0, -0.99254614, 0, -0.121869296, 0, 0.5, 0)

[node name="CentralArea" type="CSGCylinder3D" parent="NavigationRegion3D" unique_id=3474671]
use_collision = true
radius = 45.0
height = 1.0
sides = 5
material = SubResource("StandardMaterial3D_y2fgm")

[node name="CSGBox3D3" type="CSGBox3D" parent="NavigationRegion3D/CentralArea" unique_id=1521763882]
transform = Transform3D(-4.371139e-08, 0, 1, 0, 1, 0, -1, 0, -4.371139e-08, -35.879627, 3.6802368, 14.428516)
size = Vector3(24, 7.25, 1)

[node name="CSGBox3D4" type="CSGBox3D" parent="NavigationRegion3D/CentralArea" unique_id=1163286374]
transform = Transform3D(-4.371139e-08, 0, 1, 0, 1, 0, -1, 0, -4.371139e-08, -35.970222, 3.6065598, -14.76554)
size = Vector3(23.25, 7.25, 1)

[node name="CSGBox3D9" type="CSGBox3D" parent="NavigationRegion3D/CentralArea" unique_id=197030235]
transform = Transform3D(0.9552525, 0, -0.29579145, 0, 1, 0, 0.29579145, 0, 0.9552525, -24.588526, 3.6802368, 29.871433)
size = Vector3(24.5, 7.25, 1)

[node name="CSGBox3D10" type="CSGBox3D" parent="NavigationRegion3D/CentralArea" unique_id=2116168524]
transform = Transform3D(0.94994473, 0, -0.31241786, 0, 1, 0, 0.31241786, 0, 0.94994473, 2.8883173, 3.6065598, 38.550972)
size = Vector3(24.5, 7.25, 1)

[node name="CSGBox3D" type="CSGBox3D" parent="NavigationRegion3D/CentralArea" unique_id=537247153]
transform = Transform3D(0.95105654, 0, 0.309017, 0, 1, 0, -0.309017, 0, 0.95105654, -11.080896, 3.625, -34.69202)
size = Vector3(53, 7.25, 1)

[node name="CSGBox3D5" type="CSGBox3D" parent="NavigationRegion3D/CentralArea" unique_id=495574981]
transform = Transform3D(0.5827189, 0, -0.8126738, 0, 1, 0, 0.8126738, 0, 0.5827189, 20.843857, 3.6802368, -32.95311)
size = Vector3(25, 7.25, 1)

[node name="CSGBox3D6" type="CSGBox3D" parent="NavigationRegion3D/CentralArea" unique_id=969716773]
transform = Transform3D(0.5985484, 0, -0.8010867, 0, 1, 0, 0.8010867, 0, 0.5985484, 37.996258, 3.6065598, -9.638056)
size = Vector3(23.5, 7.25, 1)

[node name="CSGBox3D7" type="CSGBox3D" parent="NavigationRegion3D/CentralArea" unique_id=167836168]
transform = Transform3D(-0.59282863, 0, -0.8053286, 0, 1, 0, 0.8053286, 0, -0.59282863, 37.66274, 3.625, 9.345215)
size = Vector3(24.75, 7.25, 1)

[node name="CSGBox3D8" type="CSGBox3D" parent="NavigationRegion3D/CentralArea" unique_id=1347655393]
transform = Transform3D(-0.59282863, 0, -0.8053286, 0, 1, 0, 0.8053286, 0, -0.59282863, 20.656906, 3.625, 32.457565)
size = Vector3(23.5, 7.25, 1)

[node name="DungeonGenerator" parent="NavigationRegion3D" unique_id=2147111523 instance=ExtResource("2_18m4l")]
transform = Transform3D(0.58778524, 0, 0.80901694, 0, 1, 0, -0.80901694, 0, 0.58778524, 29.267632, 0.5, 21.409042)
max_depth = 40

[node name="DungeonGenerator2" parent="NavigationRegion3D" unique_id=2097938584 instance=ExtResource("2_18m4l")]
transform = Transform3D(-0.5877853, 0, 0.809017, 0, 1, 0, -0.809017, 0, -0.5877853, 29.702253, 0.5, -20.896946)
max_depth = 40

[node name="DungeonGenerator3" parent="NavigationRegion3D" unique_id=841082946 instance=ExtResource("2_18m4l")]
transform = Transform3D(0.95105654, 0, -0.30901697, 0, 1, 0, 0.30901697, 0, 0.95105654, -10.722091, 0.5, 34.72605)
max_depth = 40

[node name="DungeonGenerator4" parent="NavigationRegion3D" unique_id=677277003 instance=ExtResource("2_18m4l")]
transform = Transform3D(-4.371139e-08, 0, -1, 0, 1, 0, 1, 0, -4.371139e-08, -36.25, 0.5, -0.24999999)
max_depth = 40

[node name="Area3D" type="Area3D" parent="." unique_id=1606112604]
transform = Transform3D(1, 0, 0, 0, 1, 0, 0, 0, 1, 0, 0, 88)
collision_layer = 2147483648
collision_mask = 0

[node name="CollisionPolygon3D" type="CollisionPolygon3D" parent="Area3D" unique_id=1602519774]
transform = Transform3D(1, 0, 0, 0, -4.371139e-08, -1, 0, 1, -4.371139e-08, 0, 0, 0)
polygon = PackedVector2Array(13.5, -46.5, 44.25, -88.5, 13.75, -130.25, -35.5, -114.25, -35.5, -62)

[node name="EnemySpawner" parent="." unique_id=1346557282 node_paths=PackedStringArray("spawn_area") instance=ExtResource("4_or50v")]
transform = Transform3D(1, 0, 0, 0, 1, 0, 0, 0, 1, 1.75, 0.5, 19.25)
enemy_scenes = Array[PackedScene]([ExtResource("5_6fasc")])
spawn_area = NodePath("CollisionShape3D")
amount = 5
enabled = true

[node name="CollisionShape3D" type="CollisionShape3D" parent="EnemySpawner" unique_id=1388623981]
shape = SubResource("CylinderShape3D_n3upp")

[node name="EnemyContainer" type="Node3D" parent="." unique_id=506878449]
