[gd_scene format=3 uid="uid://cnm707e5nasri"]

[sub_resource type="ProceduralSkyMaterial" id="ProceduralSkyMaterial_abcyb"]
sky_horizon_color = Color(0.66224277, 0.6717428, 0.6867428, 1)
ground_horizon_color = Color(0.66224277, 0.6717428, 0.6867428, 1)

[sub_resource type="Sky" id="Sky_bocl7"]
sky_material = SubResource("ProceduralSkyMaterial_abcyb")

[sub_resource type="Environment" id="Environment_koree"]
background_mode = 2
sky = SubResource("Sky_bocl7")
tonemap_mode = 2
glow_enabled = true

[sub_resource type="StandardMaterial3D" id="StandardMaterial3D_koree"]
albedo_color = Color(0.13682574, 0.13682574, 0.13682568, 1)

[sub_resource type="StandardMaterial3D" id="StandardMaterial3D_2dud7"]
albedo_color = Color(1.5642495e-07, 0.44245332, 0.121024095, 1)

[sub_resource type="StandardMaterial3D" id="StandardMaterial3D_abcyb"]
albedo_color = Color(0.2884132, 0.16923094, 0.07722112, 1)

[sub_resource type="StandardMaterial3D" id="StandardMaterial3D_bocl7"]
albedo_color = Color(0.3553134, 0.35531363, 0.3553135, 1)

[sub_resource type="StandardMaterial3D" id="StandardMaterial3D_ajtfx"]
albedo_color = Color(0.6547616, 0.7835189, 0.9768726, 1)

[node name="Hub" type="Node3D" unique_id=850433143]

[node name="WorldEnvironment" type="WorldEnvironment" parent="." unique_id=1654157866]
environment = SubResource("Environment_koree")

[node name="DirectionalLight3D" type="DirectionalLight3D" parent="." unique_id=211673941]
transform = Transform3D(-0.8660254, -0.43301278, 0.25, 0, 0.49999997, 0.86602545, -0.50000006, 0.75, -0.43301266, 0, 0, 0)
shadow_enabled = true

[node name="CSGCylinder3D" type="CSGCylinder3D" parent="." unique_id=186937684]
transform = Transform3D(1, 0, 0, 0, 1, 0, 0, 0, 1, 0, 0.5, 0)
use_collision = true
radius = 16.0
height = 1.0
sides = 12
material = SubResource("StandardMaterial3D_koree")
metadata/_edit_lock_ = true

[node name="Shop" type="CSGBox3D" parent="." unique_id=621394738]
transform = Transform3D(0.60181504, 0, 0.7986355, 0, 1, 0, -0.7986355, 0, 0.60181504, 6.772612, 1.875, -7.4468236)
size = Vector3(0.25, 1.75, 4.5)
material = SubResource("StandardMaterial3D_2dud7")
metadata/_edit_group_ = true

[node name="CSGBox3D2" type="CSGBox3D" parent="Shop" unique_id=2313390]
transform = Transform3D(1, 0, 0, 0, 1, 0, 0, 0, 1, -0.5760901, 0.069049835, 4.7683716e-07)
size = Vector3(1, 0.1, 4.5)
material = SubResource("StandardMaterial3D_2dud7")

[node name="Stash" type="CSGBox3D" parent="." unique_id=1445951917]
transform = Transform3D(0.8571673, 0, -0.5150381, 0, 1, 0, 0.5150381, 0, 0.8571673, -9.361388, 1.375, -3.5718775)
size = Vector3(1.5, 1.25, 2.25)
material = SubResource("StandardMaterial3D_abcyb")

[node name="Blacksmith" type="CSGBox3D" parent="." unique_id=899032092]
transform = Transform3D(0.83867055, 0, 0.544639, 0, 1, 0, -0.544639, 0, 0.83867055, 4.046715, 1.5, 5.8468137)
size = Vector3(2.25, 2, 1.25)
material = SubResource("StandardMaterial3D_bocl7")

[node name="LevelUpPlace(ShrineOfSomething)" type="CSGCylinder3D" parent="." unique_id=790954551]
transform = Transform3D(1, 0, 0, 0, 1, 0, 0, 0, 1, 0, 1.4245, 0)
radius = 2.25
height = 1.151
sides = 12
material = SubResource("StandardMaterial3D_ajtfx")

[node name="PlayerSpawn" type="Marker3D" parent="." unique_id=1293177915]
transform = Transform3D(1, 0, 0, 0, 1, 0, 0, 0, 1, -4, 0, 2.5)
